0,2
RB6
STEER_HR
SolOn
SagOn
START
(-360.00, 0.00, 120.00) (0.00017, 0.70711, -0.00017, 0.70711)	(-359.50, 0.55, 120.00) (0.00017, 0.70711, -0.00017, 0.70711)	(-358.56, 0.32, 120.71) (0.00017, 0.70711, -0.00017, 0.70711)	(-358.56, 0.32, 119.29) (0.00017, 0.70711, -0.00017, 0.70711)	
(-360.00, 0.00, 120.00) (0.00021, 0.70711, -0.00021, 0.70711)	(-359.50, 0.55, 120.00) (0.00021, 0.70711, -0.00021, 0.70711)	(-358.56, 0.32, 120.71) (-0.00307, 0.70710, 0.00307, 0.70710)	(-358.56, 0.32, 119.29) (-0.00307, 0.70710, 0.00307, 0.70710)	
(-359.95, 0.00, 120.00) (0.00020, 0.70709, -0.00020, 0.70712)	(-359.45, 0.55, 120.00) (0.00020, 0.70709, -0.00020, 0.70712)	(-358.50, 0.32, 120.71) (0.07790, 0.70279, -0.07789, 0.70282)	(-358.50, 0.32, 119.29) (0.09166, 0.70113, -0.09166, 0.70115)	
(-359.74, 0.00, 120.00) (0.00020, 0.70715, -0.00020, 0.70707)	(-359.24, 0.55, 120.00) (0.00020, 0.70715, -0.00020, 0.70707)	(-358.30, 0.32, 120.71) (0.38748, 0.59151, -0.38752, 0.59144)	(-358.30, 0.32, 119.29) (0.34364, 0.61801, -0.34368, 0.61794)	
(-359.36, 0.00, 120.00) (0.00020, 0.70803, -0.00020, 0.70618)	(-358.86, 0.55, 119.99) (-0.05277, 0.70606, -0.05303, 0.70419)	(-357.91, 0.32, 120.70) (0.63276, 0.21979, -0.71672, 0.19399)	(-357.91, 0.32, 119.28) (0.61569, 0.27506, -0.69737, 0.24278)	
(-358.77, 0.00, 119.90) (0.00022, 0.72527, -0.00019, 0.68847)	(-358.27, 0.55, 119.87) (-0.17059, 0.70492, -0.16232, 0.66906)	(-357.29, 0.32, 120.53) (0.34801, -0.62376, -0.59834, -0.36305)	(-357.36, 0.32, 119.12) (0.40858, -0.50372, -0.70239, -0.29323)	
(-358.11, 0.00, 119.72) (0.00020, 0.74944, -0.00020, 0.66207)	(-357.61, 0.55, 119.66) (0.00813, 0.74940, 0.00681, 0.66203)	(-356.59, 0.32, 120.25) (-0.35148, -0.63783, 0.40604, -0.55206)	(-356.76, 0.32, 118.84) (-0.13683, -0.73940, 0.15805, -0.63999)	
(-357.28, 0.00, 119.65) (0.00016, 0.74273, -0.00023, 0.66959)	(-356.79, 0.55, 119.60) (0.12787, 0.73164, 0.11490, 0.65966)	(-355.78, 0.32, 120.20) (-0.71481, 0.24965, 0.57489, 0.31019)	(-355.92, 0.32, 118.79) (-0.77635, 0.05384, 0.62444, 0.06674)	
(-356.27, 0.00, 119.80) (0.00016, 0.69831, -0.00025, 0.71579)	(-355.77, 0.55, 119.81) (0.18089, 0.67448, 0.18502, 0.69147)	(-354.84, 0.32, 120.54) (0.47341, 0.41078, -0.26577, 0.73247)	(-354.81, 0.32, 119.12) (0.43262, 0.42471, -0.24290, 0.75728)	
(-355.27, 0.00, 120.15) (0.00018, 0.63632, -0.00024, 0.77142)	(-354.78, 0.55, 120.25) (0.16487, 0.61459, 0.19943, 0.74520)	(-353.99, 0.32, 121.13) (0.48014, -0.35261, -0.21880, -0.77283)	(-353.72, 0.32, 119.73) (0.35755, -0.38168, -0.16287, -0.83663)	
(-354.09, 0.00, 120.76) (0.00022, 0.56720, -0.00020, 0.82358)	(-353.62, 0.55, 120.94) (-0.03739, 0.56596, -0.05481, 0.82176)	(-352.99, 0.32, 121.93) (-0.75217, 0.18280, 0.58842, 0.23367)	(-352.49, 0.32, 120.61) (-0.57156, 0.42394, 0.44713, 0.54192)	
(-352.86, 0.00, 121.21) (0.00027, 0.57082, -0.00014, 0.82108)	(-352.39, 0.55, 121.38) (-0.13079, 0.55563, -0.18864, 0.79911)	(-351.75, 0.32, 122.38) (0.58599, 0.37277, -0.63082, 0.34601)	(-351.26, 0.32, 121.05) (0.67783, 0.06528, -0.72982, 0.06040)	
(-351.49, 0.00, 121.42) (0.00029, 0.62861, -0.00012, 0.77772)	(-351.00, 0.55, 121.53) (-0.16242, 0.60726, -0.20141, 0.75119)	(-350.23, 0.32, 122.42) (0.29187, 0.70224, -0.40062, 0.51105)	(-349.93, 0.32, 121.03) (0.35866, 0.64123, -0.49240, 0.46661)	
(-349.89, 0.00, 121.30) (0.00029, 0.71577, -0.00014, 0.69834)	(-349.39, 0.55, 121.28) (-0.18498, 0.69146, -0.18088, 0.67450)	(-348.43, 0.32, 121.97) (-0.27422, -0.72256, 0.48837, -0.40522)	(-348.47, 0.32, 120.55) (-0.13995, -0.83583, 0.24898, -0.46884)	
(-348.41, 0.00, 120.82) (0.00028, 0.79318, -0.00017, 0.60899)	(-347.93, 0.55, 120.69) (-0.16471, 0.77589, -0.12683, 0.59563)	(-346.84, 0.32, 121.14) (0.23214, 0.75851, -0.49406, 0.35592)	(-347.20, 0.32, 119.76) (-0.08446, 0.88706, 0.18045, 0.41646)	
(-346.91, 0.00, 120.09) (0.00022, 0.84396, -0.00021, 0.53641)	(-346.46, 0.55, 119.88) (0.02830, 0.84348, 0.01764, 0.53612)	(-345.30, 0.32, 120.12) (-0.33570, -0.66305, 0.49801, -0.44684)	(-345.91, 0.32, 118.84) (0.28770, -0.71089, -0.42695, -0.47916)	
(-345.27, 0.00, 119.41) (0.00014, 0.83959, -0.00026, 0.54322)	(-344.82, 0.55, 119.20) (0.16316, 0.82358, 0.10522, 0.53294)	(-343.67, 0.32, 119.46) (0.36468, 0.61620, -0.38701, 0.58097)	(-344.25, 0.32, 118.17) (-0.39672, 0.59372, 0.42069, 0.55958)	
(-343.50, 0.00, 118.95) (0.00011, 0.79314, -0.00029, 0.60904)	(-343.02, 0.55, 118.82) (0.20539, 0.76609, 0.15735, 0.58836)	(-341.92, 0.32, 119.26) (0.32821, 0.55388, -0.25193, 0.72251)	(-342.29, 0.32, 117.89) (0.32498, -0.55524, -0.24892, -0.72397)	
(-341.45, 0.00, 118.86) (0.00012, 0.71189, -0.00031, 0.70229)	(-340.95, 0.55, 118.85) (0.18436, 0.68760, 0.18147, 0.67844)	(-340.00, 0.32, 119.55) (-0.50166, -0.41134, 0.29444, -0.70174)	(-340.01, 0.32, 118.13) (-0.24172, -0.48551, 0.14204, -0.82806)	
(-339.58, 0.00, 119.21) (0.00015, 0.61984, -0.00030, 0.78473)	(-339.09, 0.55, 119.33) (0.16057, 0.59868, 0.20281, 0.75807)	(-338.34, 0.32, 120.23) (0.47368, 0.33879, -0.20430, 0.78684)	(-338.01, 0.32, 118.85) (0.60817, 0.29625, -0.26220, 0.68820)	
(-337.83, 0.00, 119.97) (0.00018, 0.51570, -0.00028, 0.85677)	(-337.39, 0.55, 120.21) (0.13365, 0.49808, 0.22147, 0.82765)	(-336.89, 0.32, 121.28) (-0.31658, -0.26086, 0.09132, -0.90741)	(-336.22, 0.32, 120.02) (-0.83066, -0.13875, 0.23903, -0.48335)	
(-336.23, 0.00, 121.18) (0.00023, 0.40152, -0.00026, 0.91585)	(-335.86, 0.55, 121.52) (0.10414, 0.38778, 0.23679, 0.88471)	(-335.65, 0.32, 122.68) (-0.11408, 0.14983, 0.01712, 0.98196)	(-334.69, 0.32, 121.63) (0.88051, 0.06830, -0.13445, 0.44939)	
(-335.22, 0.00, 122.36) (0.00026, 0.31580, -0.00022, 0.94882)	(-334.92, 0.55, 122.76) (0.08199, 0.30498, 0.24536, 0.91655)	(-334.93, 0.32, 123.94) (0.98082, -0.01132, -0.05838, -0.18564)	(-333.79, 0.32, 123.09) (0.18538, 0.05839, -0.01131, 0.98087)	
(-334.59, 0.00, 123.62) (0.00029, 0.23891, -0.00017, 0.97104)	(-334.36, 0.55, 124.06) (0.06211, 0.23069, 0.25116, 0.93800)	(-334.55, 0.32, 125.22) (0.35033, -0.01934, 0.00697, 0.93640)	(-333.29, 0.32, 124.56) (0.80421, 0.01202, 0.01668, -0.59399)	
(-334.34, 0.00, 124.77) (0.00029, 0.15726, -0.00013, 0.98756)	(-334.18, 0.55, 125.24) (0.04098, 0.15183, 0.25547, 0.95394)	(-334.56, 0.32, 126.36) (0.52882, 0.08770, 0.05533, -0.84237)	(-333.21, 0.32, 125.92) (-0.98880, 0.01142, -0.10307, -0.10733)	
(-334.33, 0.00, 126.00) (0.00030, 0.06193, -0.00010, 0.99808)	(-334.26, 0.55, 126.50) (0.01631, 0.05974, 0.25822, 0.96410)	(-334.85, 0.32, 127.52) (-0.97302, -0.02359, -0.19710, 0.11759)	(-333.44, 0.32, 127.35) (0.75123, -0.12767, 0.15200, 0.62949)	
(-334.57, 0.00, 127.31) (0.00030, -0.04190, -0.00008, 0.99912)	(-334.61, 0.55, 127.81) (-0.01055, -0.04055, 0.25852, 0.96510)	(-335.40, 0.32, 128.69) (0.74696, -0.18629, 0.23396, 0.59381)	(-333.98, 0.32, 128.81) (-0.41123, 0.26997, -0.12867, -0.86107)	
(-335.18, 0.00, 128.77) (0.00031, -0.16478, -0.00006, 0.98633)	(-335.34, 0.55, 129.24) (-0.04235, -0.15924, 0.25523, 0.95274)	(-336.32, 0.32, 129.91) (-0.50835, 0.34391, -0.23128, -0.75486)	(-334.98, 0.32, 130.37) (0.56587, -0.32475, 0.25749, 0.71276)	
(-336.09, 0.00, 130.05) (0.00032, -0.28311, -0.00003, 0.95909)	(-336.36, 0.55, 130.47) (-0.07296, -0.27354, 0.24820, 0.92642)	(-337.47, 0.32, 130.87) (0.09962, -0.51816, 0.06062, 0.84730)	(-336.28, 0.32, 131.65) (0.54358, -0.40227, 0.33217, 0.65754)	
(-337.46, 0.00, 131.23) (0.00033, -0.41285, 0.00000, 0.91080)	(-337.83, 0.55, 131.56) (-0.10654, -0.39887, 0.23574, 0.87976)	(-339.01, 0.32, 131.65) (0.00375, 0.63451, 0.00343, -0.77290)	(-338.07, 0.32, 132.71) (-0.70662, 0.25740, -0.57996, -0.31316)	
(-338.99, 0.00, 131.99) (0.00033, -0.52755, 0.00004, 0.84952)	(-339.43, 0.55, 132.22) (-0.13622, -0.50966, 0.21991, 0.82057)	(-340.59, 0.32, 132.00) (0.20629, 0.69537, 0.22037, -0.65219)	(-339.97, 0.32, 133.27) (0.67505, -0.11820, 0.71981, 0.11048)	
(-340.88, 0.00, 132.40) (0.00032, -0.64632, 0.00008, 0.76306)	(-341.38, 0.55, 132.49) (-0.12328, -0.63446, 0.14601, 0.74897)	(-342.42, 0.32, 131.94) (-0.15325, -0.75972, -0.19401, 0.60142)	(-342.19, 0.32, 133.34) (-0.52950, -0.40868, -0.66917, 0.32375)	
(-342.75, 0.00, 132.44) (0.00028, -0.72135, 0.00014, 0.69257)	(-343.25, 0.55, 132.42) (0.02057, -0.72106, -0.01934, 0.69230)	(-344.16, 0.32, 131.68) (0.21830, 0.67262, 0.21850, -0.67245)	(-344.22, 0.32, 133.09) (0.38776, 0.59129, 0.38800, -0.59117)	
(-344.93, 0.00, 132.48) (0.00020, -0.71633, 0.00022, 0.69776)	(-345.43, 0.55, 132.47) (0.12105, -0.70603, -0.11751, 0.68780)	(-346.35, 0.32, 131.74) (0.27475, -0.55211, 0.19932, 0.76155)	(-346.39, 0.32, 133.16) (-0.06513, 0.58507, -0.04735, -0.80697)	
(-347.02, 0.00, 132.69) (0.00019, -0.67156, 0.00023, 0.74095)	(-347.51, 0.55, 132.74) (0.00369, -0.67155, -0.00363, 0.74094)	(-348.52, 0.32, 132.13) (0.66975, -0.29545, 0.59434, 0.33302)	(-348.38, 0.32, 133.54) (0.38195, -0.57063, 0.33899, 0.64310)	
(-349.23, 0.00, 132.94) (0.00021, -0.65456, 0.00021, 0.75601)	(-349.73, 0.55, 133.01) (0.00021, -0.65456, 0.00021, 0.75601)	(-350.76, 0.32, 132.45) (-0.70499, -0.23643, -0.61037, 0.27304)	(-350.56, 0.32, 133.85) (-0.71605, 0.20997, -0.61996, -0.24256)	
(-351.81, 0.00, 133.21) (0.00023, -0.66793, 0.00018, 0.74423)	(-352.31, 0.55, 133.26) (-0.06741, -0.66452, 0.07555, 0.74038)	(-353.33, 0.32, 132.66) (-0.18866, 0.71405, -0.21016, -0.64061)	(-353.17, 0.32, 134.07) (0.22523, 0.70068, 0.25116, -0.62868)	
(-354.32, 0.00, 133.33) (0.00023, -0.69810, 0.00018, 0.71600)	(-354.82, 0.55, 133.34) (0.00023, -0.69810, 0.00018, 0.71600)	(-355.78, 0.32, 132.65) (0.71465, -0.04255, 0.69683, 0.04359)	(-355.74, 0.32, 134.07) (-0.63711, 0.31856, -0.62121, -0.32666)	
(-356.96, 0.00, 133.41) (0.00022, -0.70773, 0.00019, 0.70648)	(-357.46, 0.55, 133.41) (0.00022, -0.70773, 0.00019, 0.70648)	(-358.40, 0.32, 132.70) (0.07847, 0.70335, 0.07864, -0.70211)	(-358.40, 0.32, 134.12) (0.30708, 0.63736, 0.30766, -0.63625)	
(-359.74, 0.00, 133.44) (0.00022, -0.71065, 0.00020, 0.70354)	(-360.24, 0.55, 133.43) (0.00022, -0.71065, 0.00020, 0.70354)	(-361.17, 0.32, 132.71) (0.69912, 0.07957, 0.70618, -0.07879)	(-361.19, 0.32, 134.13) (0.68903, -0.14362, 0.69599, 0.14216)	
(-362.93, 0.00, 133.48) (0.00020, -0.70119, 0.00022, 0.71297)	(-363.43, 0.55, 133.49) (0.02670, -0.70068, -0.02673, 0.71247)	(-364.39, 0.32, 132.80) (0.62302, -0.36473, 0.56095, 0.40516)	(-364.36, 0.32, 134.22) (-0.43683, 0.54127, -0.39333, -0.60124)	
(-365.88, 0.00, 133.59) (0.00021, -0.68657, 0.00022, 0.72706)	(-366.38, 0.55, 133.62) (0.00021, -0.68657, 0.00022, 0.72706)	(-367.36, 0.32, 132.96) (0.39395, 0.57706, 0.37199, -0.61108)	(-367.28, 0.32, 134.38) (0.62664, 0.34819, 0.59173, -0.36871)	
(-368.93, 0.00, 133.74) (0.00022, -0.68110, 0.00023, 0.73219)	(-369.43, 0.55, 133.77) (0.00022, -0.68110, 0.00023, 0.73219)	(-370.42, 0.32, 133.13) (0.32066, -0.61230, 0.29831, 0.65824)	(-370.32, 0.32, 134.55) (-0.03227, -0.68044, -0.02999, 0.73148)	
(-371.42, 0.00, 133.89) (0.00023, -0.67963, 0.00023, 0.73356)	(-371.92, 0.55, 133.93) (0.00023, -0.67963, 0.00023, 0.73356)	(-372.91, 0.32, 133.29) (-0.43475, 0.54740, -0.40280, -0.59085)	(-372.80, 0.32, 134.71) (0.09416, -0.67400, 0.08726, 0.72749)	
(-373.65, 0.00, 134.03) (0.00023, -0.68210, 0.00021, 0.73126)	(-374.15, 0.55, 134.07) (-0.05998, -0.67946, 0.06477, 0.72839)	(-375.14, 0.32, 133.43) (0.36375, -0.61905, 0.39094, 0.57587)	(-375.04, 0.32, 134.84) (-0.04578, 0.73051, -0.04914, -0.67959)	
(-375.80, 0.00, 134.03) (0.00025, -0.70968, 0.00020, 0.70452)	(-376.30, 0.55, 134.03) (-0.00409, -0.70967, 0.00451, 0.70451)	(-377.23, 0.32, 133.31) (0.11431, -0.70927, 0.11821, 0.68549)	(-377.24, 0.32, 134.73) (-0.12466, -0.70738, -0.12904, 0.68369)	
(-377.50, 0.00, 134.00) (0.00023, -0.71918, 0.00022, 0.69483)	(-378.00, 0.55, 133.98) (0.00023, -0.71918, 0.00022, 0.69483)	(-378.92, 0.32, 133.24) (0.45987, 0.53911, 0.47600, -0.52087)	(-378.97, 0.32, 134.66) (0.58314, 0.39102, 0.60359, -0.37779)	
(-378.99, 0.00, 133.95) (0.00022, -0.72080, 0.00022, 0.69315)	(-379.49, 0.55, 133.93) (0.00022, -0.72080, 0.00022, 0.69315)	(-380.41, 0.32, 133.18) (-0.64593, 0.26150, -0.67169, -0.25146)	(-380.46, 0.32, 134.60) (-0.55614, 0.43023, -0.57832, -0.41372)	
(-380.27, 0.00, 133.90) (0.00022, -0.72104, 0.00023, 0.69289)	(-380.77, 0.55, 133.88) (0.00022, -0.72104, 0.00023, 0.69289)	(-381.69, 0.32, 133.14) (-0.30560, -0.64712, -0.31802, 0.62186)	(-381.74, 0.32, 134.55) (-0.41017, -0.58113, -0.42684, 0.55844)	
(-381.35, 0.00, 133.86) (0.00022, -0.72115, 0.00023, 0.69278)	(-381.85, 0.55, 133.84) (0.00022, -0.72115, 0.00023, 0.69278)	(-382.76, 0.32, 133.09) (0.37608, -0.60564, 0.39148, 0.58182)	(-382.82, 0.32, 134.51) (0.13178, -0.70798, 0.13718, 0.68013)	
(-382.29, 0.00, 133.82) (0.00022, -0.72070, 0.00023, 0.69325)	(-382.79, 0.55, 133.80) (0.00022, -0.72070, 0.00023, 0.69325)	(-383.70, 0.32, 133.06) (0.68345, 0.12074, 0.71051, -0.11615)	(-383.76, 0.32, 134.48) (0.13187, -0.70754, 0.13709, 0.68059)	
